[6, 4]
[5, 8, 3]
[4, 6]
[3, 5, 8]
[3, 4, 5, 6, 8]
Case #1: OK
[3, 4, 5, 6, 8]
[10, 9, 3, 5]
[8, 2, 1, 4, 7]
[3, 5, 9, 10]
[1, 2, 4, 7, 8]
[1, 3, 2, 5, 4, 9, 7, 10, 8]
Case #2: 1
[1, 3, 2, 5, 4, 9, 7, 10, 8]
[10, 9]
[8, 1, 7]
[9, 10]
[1, 7, 8]
[1, 9, 7, 10, 8]
Case #3: 1
[1, 9, 7, 10, 8]
[7, 5, 3, 1]
[8, 6, 4, 2]
[1, 3, 5, 7]
[2, 4, 6, 8]
[2, 1, 4, 3, 6, 5, 8, 7]
Case #4: 0
[2, 1, 4, 3, 6, 5, 8, 7]
[2]
[3, 1]
[2]
[1, 3]
[1, 2, 3]
Case #5: OK
[1, 2, 3]
[5, 3, 1, 7]
[8, 4, 2, 6]
[1, 3, 5, 7]
[2, 4, 6, 8]
[2, 1, 4, 3, 6, 5, 8, 7]
Case #6: 0
[2, 1, 4, 3, 6, 5, 8, 7]
[65, 32, 4, 6, 7, 89, 9]
[0, 3, 3, 5, 6, 8, 9, 0]
[4, 6, 7, 9, 32, 65, 89]
[0, 0, 3, 3, 5, 6, 8, 9]
[0, 4, 0, 6, 3, 7, 3, 9, 5, 32, 6, 65, 8, 89, 9]
Case #7: 1
[0, 4, 0, 6, 3, 7, 3, 9, 5, 32, 6, 65, 8, 89, 9]
